28799
4224
28806
27729
28712
29085
7595
4658
4220
28616
14157
28324
10217
1749
11781
6918
2591
11125
1996
10638
3506
28716
10669
9450
13875
13841
10811
13871
7233
7464
13976
13729
13843
7471
13486
7565
8662
3580
8493
4889
8614
8631
2701
8732
8697
8284
28546
28403
28538
28576
28098
20473
28719
20792
3399
28572
8048
7189
4809
29989
29630
8086
23166
8535
1176
126
434
131
5958
29926
29042
8090
16794
14545
24956
20181
22442
20925
23649
23624
23549
23602
23586
23619
23443
5793
28799
4224
28806
27729
28712
29085
7595
4658
4220
28616
14157
28324
10217
1749
11781
6918
2591
11125
1996
10638
3506
28716
10669
9450
13875
13841
10811
13871
7233
7464
13976
13729
13843
7471
13486
7565
28799
4224
28806
27729
28712
29085
7595
4658
4220
28616
14157
28324
10217
1749
11781
6918
2591
11125
1996
10638
3506
28716
10669
9450
13875
13841
10811
13871
7233
7464
13976
13729
13843
7471
13486
7565
8662
3580
8493
4889
8614
8631
2701
8732
8697
8284
28546
28403
28538
28576
28098
20473
28719
20792
3399
28572
8048
7189
4809
